0000000000000000000000000000022222200000000000000000000000000000
0000000000000000000000022211111111111112200000000000000000000000
0000000000000000000021111111111111111111111200000000000000000000
0000000000000000002211111111111111111111111122000000000000000000
0000000000000000211211111111111111111111111112220000000000000000
0000000000000021111111111111111111111111111111111200000000000000
0000000000000221111111111111111111111111111111111120000000000000
0000000000002111111111111111111111111111111111111111000000000000
0000000000021111111111111111111111111111111111111111100000000000
0000000000211111111111111111111111111111111111111111110000000000
0000000001111111111111111111111111111111111111111111111000000000
0000000021111111111111111111111111111111111111111111111200000000
0000000211111111111111111111111111111111111111111111112120000000
0000002111111111111111111111111111111111111111111111111112000000
0000001111111111111111111111111111121111111111111111111111000000
0000021111111111111111111111111112111111111111111111111111200000
0000212111111211111111111111111111111111111111111111111111120000
0000111111111111111111111111111111111112111111111111111111110000
0002111111211111111111111111111111111111211111111111111111112000
0001111111111111111111111111111111111111111111111111111111211000
0021111111112111111111111111112111111111111111111111111111111200
0021111111111111121111111111111111111111111111111111111111111200
0021111111111111111111112111111111111111111111111111111111111200
0211111111111211111111111111111111111111111111111111111111111120
0211111111111111111111111111111111111111111111111111111111111120
0211111111111111111111221111111111111111111111111111111111111110
2111111111111111111111111111111111111111111111111111111111112112
2111111111111111111111111111111111111111111111111111111211111112
2111111111111111111111111111111111111111111111111211111111111112
2111111111111111111111111111111111111111111111111111111111111111
1111111111111121111111111111111111111111111111111111111111111111
1111111111111111111111111111111111111111111111111111111111111111
1111111111111111111111111111111111111111122111111111111111111111
2111111111111111111111111111111111111111111111111111111111111111
2111111111111111111111111111111111111111111111111111111121111111
2111111111111111111111111111111111111111111111111111111111111111
2111111111111211111111111111111111111111111111121111111111111111
2111111111111111111111111111111111111111111111111111111112111112
2111111111111111111111112111111111111111111111111111111211111110
0111111111111111111111111111111211111111111111111111111111111110
0211111111111111111111111111112111111111111111111111111111111110
0211111111111111111111111111111111111111111111111111111111111220
0011111111111111111111111111111111111111111111111111111111111100
0011111111111111111111111111111111111111111111111111111111111100
0001111112111111111111111111111111111111111111111111111111111000
0001111111211111111111111111111111111111111111111111111111111000
0002111111111111111111111111111111111111111111111111111111111000
0000111111111111111121111111111111111111111111111111111111110000
0000211111111111111111111111111111111111111111111111111111120000
0000011111111111111111111111111111111111111111111111111111100000
0000001211111111111111111111111111111111111111111111111111000000
0000002111111111111111111111111111111111111112111111111112000000
0000000111111111111111111111111111111111111111111111111110000000
0000000011111111111111111111111111111111111111111111111100000000
0000000001111111111111111111111111111111111111111111111000000000
0000000002111111111111111111111111111111111111111111112000000000
0000000000011111111111111111111111111111111111111111100000000000
0000000000002111111111111111111111111111111111111111000000000000
0000000000000111111111111111111111111111211111111110000000000000
0000000000000001111111111111111111111111111111111000000000000000
0000000000000000011111111111111111111111111111100000000000000000
0000000000000000021111111111111111111111111111200000000000000000
0000000000000000000021111111111111111211111200000000000000000000
0000000000000000000000002212111111111111000000000000000000000000
